site/duqian/test/MainActivity$testUI$1	85,86,87,
site/duqian/test/ProgressView$Companion	247,
site/duqian/test/MainActivity$mHandler$1	34,35,36,37,25,27,28,29,30,31,
site/duqian/test/MainActivity$testUI$2	90,91,92,94,95,
site/duqian/test/ProgressView	22,24,28,29,30,31,34,35,40,45,46,47,50,51,52,55,56,57,58,60,61,65,66,68,69,71,72,74,75,77,78,80,81,83,84,86,87,89,90,92,93,94,95,96,97,99,100,101,102,104,105,106,109,110,111,113,115,116,119,121,123,125,126,128,129,130,131,132,137,138,139,140,141,146,147,148,149,150,155,156,159,160,161,164,165,167,168,169,170,171,175,176,177,178,179,183,186,187,188,189,190,195,197,198,199,200,201,202,205,208,209,212,213,215,216,217,220,221,222,225,226,228,229,233,235,236,237,238,239,240,243,244,245,248,
site/duqian/test/MainActivity$testKotlin$1	58,59,60,62,63,
site/duqian/test/MainActivity$Companion	49,
site/duqian/test/MainActivity$testKotlin$2	66,67,68,
site/duqian/test/MainActivity	65,66,70,71,72,75,78,81,82,19,84,23,24,89,25,95,96,99,100,104,41,42,106,107,45,109,46,47,114,115,116,117,54,118,55,56,121,58,122,123,
site/duqian/test/MainActivity$ioTest$2	75,76,77,
